# Array shape: (128, 160)
1.54   
1.64   
1.58   
1.59   
1.63   
1.64   
1.66   
1.73   
1.75   
1.78   
1.77   
1.77   
1.78   
1.80   
1.78   
1.77   
1.76   
1.77   
1.78   
1.81   
1.85   
1.91   
1.94   
1.97   
1.99   
2.01   
2.01   
2.01   
2.03   
2.06   
2.07   
2.11   
2.14   
2.18   
2.21   
2.27   
2.32   
2.40   
2.43   
2.49   
2.54   
2.60   
2.63   
2.66   
2.70   
2.76   
2.78   
2.80   
2.84   
2.89   
2.91   
2.93   
2.96   
3.00   
3.01   
3.02   
3.05   
3.09   
3.10   
3.11   
3.13   
3.16   
3.17   
3.18   
3.21   
3.25   
3.27   
3.28   
3.29   
3.33   
3.33   
3.34   
3.36   
3.39   
3.40   
3.41   
3.42   
3.44   
3.44   
3.44   
3.45   
3.46   
3.47   
3.47   
3.47   
3.48   
3.48   
3.47   
3.47   
3.48   
3.49   
3.48   
3.47   
3.48   
3.47   
3.45   
3.44   
3.45   
3.44   
3.43   
3.43   
3.43   
3.41   
3.40   
3.40   
3.42   
3.41   
3.40   
3.39   
3.39   
3.35   
3.32   
3.28   
3.27   
3.26   
3.25   
3.25   
3.27   
3.26   
3.26   
3.26   
3.28   
3.29   
3.31   
3.34   
3.38   
3.41   
3.46   
3.49   
3.55   
3.60   
3.65   
3.68   
3.69   
3.65   
3.57   
3.52   
3.50   
3.50   
3.46   
3.41   
3.35   
3.29   
3.18   
3.08   
3.01   
2.98   
2.91   
2.84   
2.80   
2.75   
2.72   
2.69   
2.62   
2.60   
2.57   
2.49   
2.48   
2.55   
2.23   
# New slice
1.63   
1.68   
1.58   
1.60   
1.63   
1.64   
1.67   
1.74   
1.76   
1.80   
1.79   
1.78   
1.79   
1.81   
1.80   
1.79   
1.79   
1.78   
1.80   
1.84   
1.89   
1.94   
1.98   
2.01   
2.04   
2.05   
2.06   
2.07   
2.09   
2.12   
2.13   
2.16   
2.20   
2.24   
2.27   
2.32   
2.38   
2.46   
2.50   
2.54   
2.61   
2.67   
2.70   
2.73   
2.78   
2.84   
2.86   
2.89   
2.93   
2.96   
2.98   
3.00   
3.03   
3.07   
3.09   
3.10   
3.14   
3.16   
3.17   
3.18   
3.21   
3.24   
3.26   
3.27   
3.30   
3.32   
3.34   
3.35   
3.37   
3.40   
3.42   
3.42   
3.46   
3.47   
3.49   
3.49   
3.51   
3.52   
3.53   
3.53   
3.54   
3.54   
3.56   
3.55   
3.56   
3.57   
3.57   
3.56   
3.58   
3.57   
3.58   
3.57   
3.57   
3.57   
3.56   
3.54   
3.54   
3.54   
3.53   
3.51   
3.52   
3.51   
3.50   
3.48   
3.49   
3.50   
3.49   
3.47   
3.46   
3.45   
3.43   
3.39   
3.37   
3.35   
3.34   
3.32   
3.33   
3.34   
3.34   
3.34   
3.36   
3.38   
3.38   
3.39   
3.42   
3.45   
3.48   
3.52   
3.56   
3.63   
3.68   
3.74   
3.77   
3.78   
3.75   
3.67   
3.63   
3.63   
3.64   
3.59   
3.53   
3.46   
3.40   
3.29   
3.21   
3.15   
3.12   
3.05   
2.96   
2.90   
2.84   
2.81   
2.79   
2.72   
2.72   
2.69   
2.60   
2.57   
2.67   
2.44   
# New slice
1.53   
1.53   
1.49   
1.50   
1.52   
1.55   
1.59   
1.67   
1.69   
1.74   
1.73   
1.74   
1.74   
1.76   
1.77   
1.79   
1.80   
1.80   
1.83   
1.89   
1.94   
1.99   
2.03   
2.05   
2.07   
2.09   
2.11   
2.12   
2.14   
2.16   
2.19   
2.22   
2.25   
2.28   
2.30   
2.33   
2.37   
2.42   
2.46   
2.50   
2.55   
2.60   
2.63   
2.66   
2.70   
2.75   
2.79   
2.84   
2.87   
2.90   
2.91   
2.93   
2.95   
2.98   
3.01   
3.03   
3.06   
3.08   
3.09   
3.10   
3.13   
3.16   
3.18   
3.20   
3.23   
3.25   
3.26   
3.27   
3.29   
3.31   
3.33   
3.35   
3.38   
3.39   
3.40   
3.41   
3.42   
3.43   
3.45   
3.45   
3.46   
3.47   
3.48   
3.47   
3.48   
3.47   
3.48   
3.47   
3.48   
3.47   
3.48   
3.47   
3.48   
3.47   
3.48   
3.46   
3.46   
3.45   
3.44   
3.42   
3.43   
3.41   
3.41   
3.39   
3.39   
3.40   
3.38   
3.36   
3.35   
3.34   
3.34   
3.31   
3.30   
3.29   
3.28   
3.26   
3.26   
3.27   
3.29   
3.30   
3.33   
3.35   
3.35   
3.35   
3.37   
3.38   
3.40   
3.43   
3.46   
3.53   
3.56   
3.58   
3.59   
3.61   
3.62   
3.57   
3.56   
3.58   
3.57   
3.51   
3.43   
3.36   
3.31   
3.24   
3.19   
3.15   
3.13   
3.05   
2.95   
2.89   
2.83   
2.81   
2.80   
2.75   
2.75   
2.71   
2.59   
2.51   
2.54   
2.40   
# New slice
1.49   
1.49   
1.45   
1.48   
1.48   
1.53   
1.58   
1.64   
1.66   
1.70   
1.71   
1.71   
1.72   
1.75   
1.75   
1.79   
1.81   
1.81   
1.86   
1.93   
1.96   
2.01   
2.04   
2.05   
2.08   
2.10   
2.12   
2.14   
2.15   
2.18   
2.20   
2.24   
2.26   
2.29   
2.30   
2.34   
2.35   
2.40   
2.43   
2.48   
2.52   
2.57   
2.59   
2.63   
2.65   
2.70   
2.75   
2.80   
2.83   
2.86   
2.88   
2.90   
2.92   
2.94   
2.97   
2.99   
3.02   
3.03   
3.05   
3.07   
3.10   
3.13   
3.15   
3.17   
3.20   
3.21   
3.23   
3.24   
3.26   
3.29   
3.31   
3.31   
3.33   
3.35   
3.36   
3.37   
3.39   
3.41   
3.42   
3.42   
3.43   
3.44   
3.45   
3.45   
3.45   
3.45   
3.46   
3.44   
3.45   
3.44   
3.45   
3.45   
3.46   
3.45   
3.45   
3.43   
3.42   
3.42   
3.41   
3.40   
3.40   
3.39   
3.38   
3.36   
3.35   
3.35   
3.34   
3.32   
3.32   
3.31   
3.29   
3.27   
3.26   
3.25   
3.24   
3.23   
3.24   
3.24   
3.24   
3.26   
3.29   
3.32   
3.32   
3.32   
3.34   
3.35   
3.36   
3.40   
3.42   
3.48   
3.49   
3.49   
3.48   
3.50   
3.51   
3.50   
3.51   
3.54   
3.51   
3.42   
3.35   
3.27   
3.23   
3.18   
3.16   
3.13   
3.11   
3.03   
2.94   
2.88   
2.82   
2.81   
2.81   
2.77   
2.77   
2.73   
2.61   
2.51   
2.51   
2.39   
# New slice
1.47   
1.47   
1.46   
1.48   
1.51   
1.55   
1.60   
1.64   
1.67   
1.70   
1.73   
1.74   
1.76   
1.78   
1.79   
1.82   
1.86   
1.88   
1.93   
1.99   
2.04   
2.07   
2.09   
2.10   
2.13   
2.14   
2.17   
2.18   
2.19   
2.21   
2.24   
2.28   
2.31   
2.34   
2.36   
2.39   
2.41   
2.44   
2.47   
2.52   
2.56   
2.61   
2.64   
2.68   
2.70   
2.74   
2.79   
2.84   
2.88   
2.91   
2.93   
2.96   
2.97   
2.99   
3.01   
3.04   
3.06   
3.08   
3.10   
3.13   
3.15   
3.18   
3.21   
3.23   
3.25   
3.27   
3.28   
3.30   
3.31   
3.34   
3.36   
3.37   
3.39   
3.40   
3.41   
3.43   
3.44   
3.46   
3.48   
3.49   
3.49   
3.50   
3.49   
3.50   
3.50   
3.50   
3.50   
3.50   
3.49   
3.49   
3.49   
3.49   
3.50   
3.51   
3.51   
3.50   
3.48   
3.48   
3.45   
3.45   
3.45   
3.45   
3.44   
3.42   
3.41   
3.41   
3.39   
3.38   
3.39   
3.38   
3.38   
3.35   
3.33   
3.33   
3.32   
3.31   
3.31   
3.31   
3.32   
3.33   
3.35   
3.37   
3.38   
3.39   
3.42   
3.43   
3.47   
3.50   
3.52   
3.57   
3.58   
3.57   
3.57   
3.59   
3.62   
3.60   
3.61   
3.61   
3.55   
3.47   
3.41   
3.35   
3.29   
3.23   
3.20   
3.16   
3.12   
3.06   
2.99   
2.94   
2.89   
2.86   
2.86   
2.81   
2.80   
2.77   
2.65   
2.60   
2.58   
2.45   
# New slice
1.43   
1.44   
1.44   
1.48   
1.50   
1.54   
1.58   
1.64   
1.67   
1.70   
1.74   
1.75   
1.76   
1.78   
1.80   
1.84   
1.87   
1.89   
1.95   
2.02   
2.06   
2.10   
2.12   
2.13   
2.15   
2.15   
2.18   
2.19   
2.19   
2.21   
2.24   
2.28   
2.31   
2.33   
2.36   
2.39   
2.41   
2.44   
2.47   
2.52   
2.56   
2.59   
2.63   
2.66   
2.68   
2.72   
2.77   
2.83   
2.86   
2.89   
2.91   
2.93   
2.94   
2.97   
3.00   
3.02   
3.05   
3.06   
3.08   
3.10   
3.12   
3.15   
3.18   
3.21   
3.23   
3.24   
3.25   
3.27   
3.28   
3.30   
3.33   
3.35   
3.36   
3.37   
3.38   
3.39   
3.40   
3.42   
3.44   
3.46   
3.46   
3.46   
3.45   
3.46   
3.46   
3.46   
3.47   
3.47   
3.46   
3.46   
3.45   
3.46   
3.46   
3.46   
3.46   
3.46   
3.45   
3.44   
3.42   
3.41   
3.41   
3.40   
3.40   
3.39   
3.38   
3.37   
3.36   
3.34   
3.34   
3.34   
3.35   
3.34   
3.31   
3.31   
3.29   
3.28   
3.28   
3.29   
3.29   
3.32   
3.32   
3.34   
3.35   
3.36   
3.38   
3.40   
3.45   
3.50   
3.52   
3.56   
3.58   
3.59   
3.61   
3.63   
3.65   
3.64   
3.62   
3.60   
3.55   
3.47   
3.41   
3.34   
3.29   
3.25   
3.20   
3.14   
3.11   
3.06   
3.00   
2.96   
2.90   
2.89   
2.87   
2.82   
2.79   
2.76   
2.66   
2.63   
2.61   
2.46   
# New slice
1.43   
1.45   
1.47   
1.50   
1.48   
1.50   
1.56   
1.63   
1.67   
1.73   
1.76   
1.76   
1.77   
1.79   
1.82   
1.85   
1.89   
1.91   
1.98   
2.04   
2.09   
2.12   
2.15   
2.15   
2.16   
2.16   
2.20   
2.21   
2.22   
2.23   
2.26   
2.29   
2.32   
2.34   
2.38   
2.41   
2.44   
2.45   
2.48   
2.52   
2.57   
2.60   
2.64   
2.67   
2.70   
2.74   
2.78   
2.83   
2.86   
2.89   
2.90   
2.93   
2.94   
2.97   
2.99   
3.02   
3.04   
3.06   
3.08   
3.10   
3.11   
3.15   
3.18   
3.21   
3.23   
3.24   
3.25   
3.27   
3.27   
3.30   
3.32   
3.35   
3.36   
3.37   
3.37   
3.39   
3.39   
3.41   
3.43   
3.45   
3.45   
3.46   
3.45   
3.46   
3.44   
3.45   
3.45   
3.46   
3.45   
3.46   
3.44   
3.45   
3.44   
3.45   
3.45   
3.45   
3.44   
3.44   
3.42   
3.42   
3.40   
3.40   
3.39   
3.39   
3.37   
3.38   
3.36   
3.35   
3.35   
3.35   
3.36   
3.35   
3.33   
3.33   
3.32   
3.31   
3.31   
3.31   
3.32   
3.34   
3.34   
3.37   
3.37   
3.39   
3.41   
3.43   
3.48   
3.53   
3.55   
3.59   
3.61   
3.63   
3.66   
3.69   
3.71   
3.69   
3.67   
3.64   
3.59   
3.52   
3.45   
3.37   
3.32   
3.27   
3.22   
3.17   
3.13   
3.08   
3.02   
2.97   
2.92   
2.90   
2.89   
2.84   
2.82   
2.80   
2.72   
2.69   
2.68   
2.51   
# New slice
1.43   
1.45   
1.45   
1.47   
1.46   
1.50   
1.56   
1.65   
1.70   
1.75   
1.76   
1.77   
1.78   
1.81   
1.85   
1.89   
1.92   
1.95   
2.01   
2.08   
2.12   
2.16   
2.18   
2.19   
2.20   
2.20   
2.23   
2.24   
2.25   
2.26   
2.29   
2.33   
2.35   
2.38   
2.41   
2.44   
2.47   
2.49   
2.52   
2.56   
2.60   
2.64   
2.67   
2.70   
2.73   
2.77   
2.81   
2.85   
2.89   
2.93   
2.94   
2.96   
2.98   
3.01   
3.04   
3.06   
3.08   
3.10   
3.12   
3.14   
3.16   
3.19   
3.22   
3.25   
3.27   
3.28   
3.30   
3.31   
3.32   
3.35   
3.37   
3.39   
3.40   
3.41   
3.42   
3.44   
3.44   
3.46   
3.48   
3.49   
3.50   
3.51   
3.50   
3.50   
3.49   
3.50   
3.50   
3.50   
3.50   
3.50   
3.50   
3.50   
3.48   
3.49   
3.49   
3.49   
3.49   
3.49   
3.48   
3.46   
3.45   
3.45   
3.44   
3.43   
3.42   
3.42   
3.41   
3.39   
3.38   
3.39   
3.40   
3.40   
3.38   
3.38   
3.37   
3.36   
3.37   
3.38   
3.38   
3.40   
3.41   
3.43   
3.44   
3.46   
3.49   
3.53   
3.58   
3.62   
3.64   
3.71   
3.72   
3.73   
3.77   
3.81   
3.84   
3.80   
3.78   
3.75   
3.69   
3.60   
3.54   
3.45   
3.40   
3.33   
3.29   
3.24   
3.20   
3.13   
3.08   
3.03   
2.98   
2.96   
2.95   
2.91   
2.90   
2.87   
2.80   
2.77   
2.76   
2.59   
# New slice
1.42   
1.43   
1.42   
1.44   
1.44   
1.49   
1.55   
1.63   
1.68   
1.74   
1.75   
1.76   
1.78   
1.81   
1.85   
1.90   
1.93   
1.98   
2.05   
2.12   
2.16   
2.18   
2.19   
2.19   
2.20   
2.19   
2.22   
2.24   
2.26   
2.27   
2.29   
2.32   
2.35   
2.38   
2.41   
2.44   
2.48   
2.50   
2.52   
2.56   
2.59   
2.63   
2.66   
2.70   
2.74   
2.78   
2.81   
2.84   
2.88   
2.91   
2.93   
2.96   
2.98   
3.01   
3.03   
3.04   
3.07   
3.09   
3.11   
3.13   
3.16   
3.19   
3.22   
3.24   
3.26   
3.28   
3.29   
3.31   
3.32   
3.34   
3.37   
3.38   
3.39   
3.40   
3.41   
3.43   
3.44   
3.46   
3.48   
3.48   
3.49   
3.50   
3.49   
3.49   
3.49   
3.49   
3.50   
3.49   
3.49   
3.49   
3.49   
3.48   
3.48   
3.48   
3.48   
3.48   
3.48   
3.47   
3.47   
3.45   
3.45   
3.45   
3.44   
3.42   
3.41   
3.40   
3.40   
3.39   
3.39   
3.40   
3.41   
3.39   
3.38   
3.37   
3.37   
3.36   
3.38   
3.38   
3.39   
3.40   
3.42   
3.43   
3.45   
3.47   
3.52   
3.55   
3.61   
3.64   
3.68   
3.74   
3.77   
3.77   
3.82   
3.86   
3.88   
3.82   
3.82   
3.78   
3.71   
3.61   
3.56   
3.49   
3.41   
3.33   
3.29   
3.24   
3.20   
3.14   
3.09   
3.04   
2.97   
2.95   
2.95   
2.92   
2.91   
2.88   
2.80   
2.78   
2.79   
2.62   
# New slice
1.40   
1.40   
1.39   
1.41   
1.43   
1.48   
1.54   
1.63   
1.68   
1.74   
1.75   
1.76   
1.79   
1.82   
1.86   
1.91   
1.95   
2.00   
2.07   
2.15   
2.19   
2.21   
2.23   
2.22   
2.23   
2.21   
2.24   
2.25   
2.28   
2.28   
2.30   
2.34   
2.36   
2.39   
2.43   
2.46   
2.50   
2.52   
2.54   
2.57   
2.60   
2.64   
2.68   
2.71   
2.76   
2.80   
2.83   
2.86   
2.89   
2.92   
2.94   
2.96   
2.99   
3.01   
3.04   
3.06   
3.08   
3.09   
3.12   
3.14   
3.17   
3.20   
3.23   
3.25   
3.27   
3.28   
3.30   
3.31   
3.33   
3.35   
3.37   
3.39   
3.40   
3.40   
3.42   
3.43   
3.44   
3.46   
3.48   
3.49   
3.50   
3.50   
3.49   
3.49   
3.49   
3.49   
3.50   
3.49   
3.49   
3.48   
3.48   
3.48   
3.48   
3.48   
3.49   
3.48   
3.48   
3.47   
3.46   
3.45   
3.45   
3.45   
3.45   
3.43   
3.42   
3.41   
3.40   
3.40   
3.41   
3.42   
3.43   
3.43   
3.42   
3.40   
3.40   
3.39   
3.41   
3.41   
3.42   
3.44   
3.45   
3.47   
3.50   
3.52   
3.57   
3.61   
3.66   
3.70   
3.74   
3.81   
3.84   
3.85   
3.91   
3.95   
3.98   
3.92   
3.89   
3.84   
3.79   
3.68   
3.63   
3.54   
3.48   
3.39   
3.34   
3.28   
3.24   
3.17   
3.12   
3.06   
3.00   
2.97   
2.97   
2.94   
2.94   
2.92   
2.83   
2.79   
2.79   
2.62   
# New slice
1.42   
1.43   
1.44   
1.45   
1.47   
1.52   
1.60   
1.69   
1.72   
1.78   
1.78   
1.77   
1.78   
1.81   
1.84   
1.89   
1.93   
1.99   
2.08   
2.15   
2.21   
2.24   
2.26   
2.26   
2.26   
2.25   
2.28   
2.29   
2.31   
2.32   
2.34   
2.37   
2.39   
2.42   
2.46   
2.49   
2.54   
2.56   
2.58   
2.60   
2.63   
2.66   
2.71   
2.74   
2.79   
2.82   
2.85   
2.87   
2.89   
2.93   
2.95   
2.98   
3.00   
3.03   
3.05   
3.06   
3.08   
3.10   
3.14   
3.16   
3.19   
3.22   
3.24   
3.26   
3.27   
3.29   
3.32   
3.34   
3.36   
3.38   
3.40   
3.41   
3.43   
3.44   
3.45   
3.47   
3.49   
3.50   
3.52   
3.52   
3.52   
3.52   
3.52   
3.52   
3.53   
3.53   
3.53   
3.52   
3.52   
3.51   
3.52   
3.51   
3.52   
3.52   
3.52   
3.51   
3.50   
3.49   
3.49   
3.49   
3.49   
3.49   
3.50   
3.48   
3.47   
3.46   
3.47   
3.46   
3.48   
3.49   
3.51   
3.49   
3.49   
3.47   
3.48   
3.47   
3.49   
3.50   
3.52   
3.53   
3.55   
3.57   
3.60   
3.63   
3.69   
3.72   
3.78   
3.82   
3.86   
3.92   
3.97   
3.98   
4.04   
4.07   
4.10   
4.04   
3.99   
3.94   
3.87   
3.78   
3.73   
3.65   
3.58   
3.49   
3.41   
3.35   
3.29   
3.21   
3.14   
3.08   
3.01   
3.00   
2.99   
2.95   
2.95   
2.94   
2.86   
2.83   
2.84   
2.68   
# New slice
1.42   
1.42   
1.43   
1.44   
1.46   
1.52   
1.60   
1.69   
1.72   
1.77   
1.77   
1.75   
1.74   
1.77   
1.80   
1.85   
1.88   
1.96   
2.05   
2.12   
2.17   
2.21   
2.25   
2.26   
2.25   
2.25   
2.28   
2.28   
2.30   
2.31   
2.34   
2.37   
2.38   
2.42   
2.46   
2.50   
2.53   
2.55   
2.58   
2.60   
2.63   
2.67   
2.71   
2.74   
2.79   
2.81   
2.84   
2.86   
2.88   
2.92   
2.94   
2.97   
3.00   
3.02   
3.04   
3.05   
3.08   
3.10   
3.13   
3.16   
3.18   
3.21   
3.23   
3.24   
3.26   
3.28   
3.31   
3.34   
3.36   
3.38   
3.40   
3.41   
3.42   
3.43   
3.45   
3.47   
3.49   
3.50   
3.51   
3.51   
3.51   
3.52   
3.52   
3.53   
3.53   
3.53   
3.53   
3.52   
3.52   
3.51   
3.52   
3.52   
3.52   
3.52   
3.52   
3.50   
3.49   
3.49   
3.49   
3.49   
3.50   
3.50   
3.50   
3.48   
3.47   
3.47   
3.48   
3.48   
3.50   
3.50   
3.51   
3.50   
3.50   
3.49   
3.50   
3.51   
3.53   
3.54   
3.56   
3.57   
3.59   
3.62   
3.65   
3.68   
3.74   
3.77   
3.83   
3.88   
3.92   
3.99   
4.03   
4.07   
4.11   
4.15   
4.16   
4.11   
4.06   
3.99   
3.93   
3.83   
3.76   
3.67   
3.59   
3.50   
3.43   
3.37   
3.31   
3.20   
3.11   
3.05   
3.00   
2.98   
2.98   
2.94   
2.96   
2.93   
2.84   
2.80   
2.83   
2.67   
# New slice
1.43   
1.43   
1.44   
1.46   
1.47   
1.54   
1.61   
1.71   
1.71   
1.76   
1.76   
1.75   
1.74   
1.76   
1.78   
1.82   
1.85   
1.94   
2.03   
2.12   
2.17   
2.22   
2.26   
2.27   
2.27   
2.28   
2.30   
2.32   
2.33   
2.34   
2.36   
2.39   
2.40   
2.44   
2.49   
2.52   
2.55   
2.57   
2.60   
2.62   
2.65   
2.68   
2.73   
2.76   
2.80   
2.82   
2.84   
2.87   
2.89   
2.92   
2.95   
2.98   
3.00   
3.02   
3.04   
3.06   
3.08   
3.11   
3.14   
3.17   
3.19   
3.22   
3.24   
3.26   
3.27   
3.30   
3.33   
3.36   
3.37   
3.39   
3.41   
3.42   
3.44   
3.45   
3.48   
3.50   
3.51   
3.52   
3.52   
3.52   
3.53   
3.53   
3.54   
3.55   
3.55   
3.55   
3.55   
3.53   
3.53   
3.53   
3.53   
3.54   
3.54   
3.53   
3.53   
3.51   
3.50   
3.50   
3.51   
3.51   
3.52   
3.51   
3.51   
3.50   
3.49   
3.49   
3.51   
3.51   
3.53   
3.53   
3.54   
3.53   
3.53   
3.54   
3.55   
3.56   
3.59   
3.60   
3.62   
3.64   
3.66   
3.69   
3.73   
3.77   
3.82   
3.85   
3.92   
3.96   
4.00   
4.08   
4.13   
4.16   
4.20   
4.22   
4.24   
4.18   
4.12   
4.07   
3.99   
3.88   
3.81   
3.72   
3.63   
3.54   
3.47   
3.41   
3.33   
3.23   
3.13   
3.07   
3.01   
2.99   
2.97   
2.95   
2.96   
2.94   
2.84   
2.81   
2.85   
2.70   
# New slice
1.47   
1.48   
1.49   
1.50   
1.50   
1.56   
1.63   
1.73   
1.74   
1.78   
1.79   
1.77   
1.75   
1.76   
1.78   
1.81   
1.85   
1.94   
2.03   
2.12   
2.18   
2.23   
2.26   
2.28   
2.28   
2.29   
2.31   
2.33   
2.34   
2.36   
2.38   
2.41   
2.42   
2.45   
2.49   
2.53   
2.57   
2.59   
2.61   
2.64   
2.66   
2.70   
2.73   
2.77   
2.81   
2.83   
2.86   
2.88   
2.90   
2.94   
2.96   
2.99   
3.01   
3.04   
3.06   
3.08   
3.10   
3.13   
3.16   
3.19   
3.21   
3.24   
3.26   
3.28   
3.29   
3.32   
3.34   
3.37   
3.38   
3.41   
3.42   
3.44   
3.45   
3.47   
3.49   
3.51   
3.53   
3.54   
3.55   
3.55   
3.55   
3.55   
3.55   
3.56   
3.56   
3.57   
3.57   
3.56   
3.55   
3.55   
3.55   
3.55   
3.56   
3.56   
3.55   
3.54   
3.53   
3.52   
3.52   
3.53   
3.53   
3.53   
3.53   
3.52   
3.51   
3.52   
3.52   
3.54   
3.55   
3.56   
3.56   
3.56   
3.56   
3.57   
3.59   
3.60   
3.63   
3.64   
3.66   
3.69   
3.71   
3.74   
3.78   
3.83   
3.87   
3.91   
3.97   
4.03   
4.06   
4.14   
4.20   
4.24   
4.28   
4.30   
4.31   
4.24   
4.18   
4.13   
4.04   
3.93   
3.85   
3.76   
3.68   
3.59   
3.51   
3.44   
3.36   
3.26   
3.17   
3.10   
3.04   
3.00   
2.99   
2.96   
2.95   
2.94   
2.84   
2.82   
2.84   
2.69   
# New slice
1.49   
1.51   
1.54   
1.54   
1.55   
1.59   
1.65   
1.74   
1.75   
1.79   
1.79   
1.76   
1.75   
1.74   
1.76   
1.80   
1.83   
1.90   
2.01   
2.11   
2.19   
2.23   
2.26   
2.27   
2.27   
2.28   
2.31   
2.33   
2.34   
2.35   
2.37   
2.41   
2.42   
2.45   
2.49   
2.52   
2.56   
2.59   
2.61   
2.65   
2.67   
2.70   
2.74   
2.77   
2.80   
2.83   
2.86   
2.88   
2.91   
2.94   
2.96   
2.98   
3.01   
3.03   
3.05   
3.08   
3.11   
3.13   
3.16   
3.19   
3.21   
3.24   
3.26   
3.28   
3.30   
3.33   
3.35   
3.37   
3.38   
3.41   
3.43   
3.44   
3.46   
3.48   
3.49   
3.51   
3.53   
3.54   
3.55   
3.55   
3.55   
3.56   
3.56   
3.55   
3.55   
3.56   
3.57   
3.55   
3.55   
3.55   
3.55   
3.55   
3.55   
3.55   
3.55   
3.54   
3.53   
3.53   
3.53   
3.53   
3.53   
3.53   
3.55   
3.54   
3.53   
3.53   
3.53   
3.54   
3.56   
3.56   
3.58   
3.58   
3.59   
3.60   
3.61   
3.62   
3.65   
3.67   
3.70   
3.73   
3.75   
3.78   
3.83   
3.86   
3.91   
3.94   
4.02   
4.07   
4.11   
4.18   
4.25   
4.27   
4.32   
4.33   
4.34   
4.28   
4.20   
4.15   
4.06   
3.95   
3.88   
3.79   
3.71   
3.62   
3.53   
3.46   
3.37   
3.28   
3.19   
3.12   
3.05   
3.02   
3.00   
2.97   
2.95   
2.93   
2.84   
2.82   
2.84   
2.69   
# New slice
1.51   
1.54   
1.56   
1.57   
1.57   
1.62   
1.69   
1.77   
1.79   
1.82   
1.82   
1.76   
1.75   
1.72   
1.75   
1.79   
1.82   
1.89   
2.02   
2.12   
2.19   
2.23   
2.26   
2.27   
2.28   
2.29   
2.32   
2.33   
2.34   
2.35   
2.37   
2.42   
2.43   
2.47   
2.50   
2.53   
2.57   
2.59   
2.62   
2.65   
2.68   
2.71   
2.74   
2.77   
2.80   
2.82   
2.85   
2.88   
2.91   
2.95   
2.96   
2.98   
3.01   
3.03   
3.05   
3.08   
3.11   
3.14   
3.17   
3.19   
3.21   
3.24   
3.26   
3.29   
3.32   
3.34   
3.36   
3.37   
3.39   
3.41   
3.43   
3.44   
3.47   
3.49   
3.50   
3.52   
3.53   
3.55   
3.56   
3.57   
3.57   
3.57   
3.57   
3.56   
3.56   
3.57   
3.57   
3.56   
3.56   
3.55   
3.55   
3.56   
3.56   
3.56   
3.56   
3.56   
3.55   
3.54   
3.54   
3.54   
3.55   
3.55   
3.56   
3.55   
3.55   
3.55   
3.55   
3.56   
3.57   
3.58   
3.60   
3.61   
3.62   
3.64   
3.66   
3.67   
3.71   
3.73   
3.75   
3.79   
3.81   
3.84   
3.89   
3.92   
3.98   
4.02   
4.09   
4.15   
4.18   
4.26   
4.32   
4.35   
4.39   
4.40   
4.40   
4.32   
4.25   
4.20   
4.11   
3.99   
3.93   
3.84   
3.76   
3.64   
3.56   
3.49   
3.41   
3.30   
3.22   
3.15   
3.08   
3.04   
3.03   
2.98   
2.96   
2.94   
2.85   
2.83   
2.86   
2.70   
# New slice
1.52   
1.56   
1.58   
1.59   
1.59   
1.63   
1.68   
1.76   
1.76   
1.79   
1.79   
1.74   
1.72   
1.69   
1.72   
1.76   
1.80   
1.87   
2.00   
2.11   
2.20   
2.24   
2.27   
2.28   
2.28   
2.29   
2.32   
2.33   
2.34   
2.35   
2.37   
2.41   
2.44   
2.47   
2.51   
2.54   
2.57   
2.59   
2.62   
2.66   
2.69   
2.72   
2.75   
2.77   
2.81   
2.83   
2.86   
2.89   
2.93   
2.96   
2.98   
3.00   
3.02   
3.04   
3.06   
3.09   
3.13   
3.15   
3.17   
3.20   
3.22   
3.25   
3.27   
3.30   
3.33   
3.35   
3.37   
3.38   
3.40   
3.42   
3.44   
3.46   
3.48   
3.50   
3.51   
3.53   
3.54   
3.56   
3.58   
3.59   
3.59   
3.59   
3.59   
3.58   
3.58   
3.58   
3.58   
3.57   
3.57   
3.56   
3.56   
3.57   
3.57   
3.57   
3.58   
3.58   
3.57   
3.56   
3.57   
3.56   
3.57   
3.57   
3.58   
3.58   
3.58   
3.58   
3.58   
3.59   
3.61   
3.62   
3.64   
3.66   
3.67   
3.69   
3.70   
3.73   
3.76   
3.78   
3.81   
3.84   
3.87   
3.90   
3.93   
3.97   
4.03   
4.08   
4.15   
4.21   
4.25   
4.34   
4.39   
4.41   
4.45   
4.46   
4.45   
4.37   
4.31   
4.25   
4.14   
4.02   
3.96   
3.88   
3.78   
3.66   
3.58   
3.51   
3.42   
3.32   
3.23   
3.17   
3.09   
3.06   
3.04   
2.98   
2.96   
2.93   
2.84   
2.84   
2.87   
2.72   
# New slice
1.54   
1.58   
1.61   
1.61   
1.62   
1.65   
1.68   
1.76   
1.77   
1.79   
1.78   
1.73   
1.71   
1.68   
1.69   
1.73   
1.77   
1.84   
1.98   
2.09   
2.20   
2.25   
2.28   
2.29   
2.30   
2.30   
2.33   
2.33   
2.34   
2.35   
2.38   
2.42   
2.44   
2.48   
2.52   
2.55   
2.59   
2.61   
2.64   
2.66   
2.70   
2.72   
2.75   
2.78   
2.81   
2.84   
2.87   
2.90   
2.93   
2.95   
2.97   
2.99   
3.02   
3.04   
3.07   
3.09   
3.12   
3.14   
3.16   
3.19   
3.22   
3.25   
3.28   
3.30   
3.32   
3.34   
3.35   
3.37   
3.39   
3.42   
3.44   
3.45   
3.47   
3.48   
3.50   
3.52   
3.54   
3.56   
3.57   
3.58   
3.59   
3.58   
3.58   
3.57   
3.57   
3.57   
3.58   
3.56   
3.56   
3.55   
3.55   
3.55   
3.56   
3.56   
3.57   
3.57   
3.56   
3.56   
3.57   
3.57   
3.57   
3.58   
3.58   
3.58   
3.58   
3.59   
3.59   
3.61   
3.63   
3.64   
3.66   
3.68   
3.69   
3.72   
3.74   
3.77   
3.81   
3.82   
3.85   
3.89   
3.91   
3.94   
3.97   
4.02   
4.07   
4.12   
4.18   
4.25   
4.30   
4.39   
4.45   
4.48   
4.52   
4.51   
4.51   
4.43   
4.37   
4.30   
4.20   
4.08   
4.01   
3.92   
3.84   
3.73   
3.65   
3.56   
3.48   
3.37   
3.28   
3.21   
3.13   
3.09   
3.08   
3.01   
2.99   
2.96   
2.88   
2.86   
2.89   
2.74   
# New slice
1.56   
1.60   
1.61   
1.61   
1.60   
1.63   
1.67   
1.75   
1.76   
1.79   
1.77   
1.72   
1.69   
1.66   
1.67   
1.71   
1.74   
1.81   
1.95   
2.08   
2.20   
2.27   
2.31   
2.31   
2.31   
2.31   
2.33   
2.33   
2.35   
2.36   
2.39   
2.43   
2.45   
2.48   
2.53   
2.56   
2.59   
2.61   
2.64   
2.66   
2.69   
2.71   
2.74   
2.77   
2.80   
2.83   
2.86   
2.89   
2.92   
2.94   
2.96   
2.99   
3.01   
3.03   
3.06   
3.08   
3.11   
3.12   
3.15   
3.18   
3.21   
3.24   
3.26   
3.29   
3.31   
3.33   
3.34   
3.36   
3.39   
3.41   
3.43   
3.44   
3.45   
3.47   
3.48   
3.51   
3.53   
3.55   
3.56   
3.57   
3.57   
3.57   
3.57   
3.56   
3.56   
3.56   
3.56   
3.55   
3.54   
3.53   
3.53   
3.54   
3.54   
3.55   
3.55   
3.55   
3.55   
3.55   
3.56   
3.55   
3.56   
3.56   
3.57   
3.57   
3.57   
3.58   
3.58   
3.59   
3.62   
3.63   
3.65   
3.68   
3.69   
3.72   
3.73   
3.77   
3.80   
3.81   
3.84   
3.87   
3.89   
3.92   
3.95   
4.00   
4.06   
4.10   
4.18   
4.25   
4.32   
4.42   
4.50   
4.54   
4.57   
4.56   
4.55   
4.47   
4.40   
4.32   
4.22   
4.12   
4.03   
3.94   
3.87   
3.78   
3.69   
3.59   
3.52   
3.43   
3.33   
3.25   
3.16   
3.13   
3.09   
3.02   
3.00   
2.98   
2.89   
2.87   
2.91   
2.76   
# New slice
1.56   
1.59   
1.59   
1.57   
1.57   
1.61   
1.66   
1.74   
1.75   
1.78   
1.76   
1.71   
1.67   
1.65   
1.65   
1.68   
1.70   
1.78   
1.93   
2.07   
2.19   
2.27   
2.31   
2.31   
2.31   
2.31   
2.34   
2.34   
2.36   
2.37   
2.39   
2.43   
2.45   
2.49   
2.53   
2.56   
2.60   
2.61   
2.64   
2.66   
2.69   
2.72   
2.75   
2.78   
2.81   
2.84   
2.87   
2.90   
2.92   
2.95   
2.98   
3.00   
3.02   
3.04   
3.06   
3.08   
3.11   
3.14   
3.17   
3.20   
3.22   
3.26   
3.28   
3.31   
3.32   
3.35   
3.37   
3.38   
3.40   
3.42   
3.44   
3.45   
3.47   
3.49   
3.51   
3.53   
3.55   
3.57   
3.58   
3.59   
3.59   
3.59   
3.60   
3.58   
3.58   
3.58   
3.57   
3.55   
3.55   
3.55   
3.56   
3.56   
3.56   
3.56   
3.57   
3.56   
3.56   
3.57   
3.59   
3.58   
3.59   
3.59   
3.59   
3.59   
3.60   
3.61   
3.63   
3.64   
3.66   
3.67   
3.69   
3.71   
3.73   
3.76   
3.78   
3.81   
3.84   
3.85   
3.87   
3.90   
3.93   
3.96   
4.00   
4.04   
4.11   
4.15   
4.22   
4.30   
4.37   
4.47   
4.55   
4.61   
4.63   
4.62   
4.60   
4.51   
4.44   
4.35   
4.25   
4.15   
4.06   
3.96   
3.89   
3.80   
3.71   
3.61   
3.54   
3.44   
3.35   
3.26   
3.18   
3.15   
3.12   
3.06   
3.04   
3.00   
2.90   
2.86   
2.91   
2.76   
# New slice
1.56   
1.58   
1.57   
1.56   
1.56   
1.60   
1.64   
1.72   
1.72   
1.75   
1.74   
1.70   
1.68   
1.66   
1.65   
1.69   
1.68   
1.76   
1.90   
2.07   
2.20   
2.27   
2.31   
2.32   
2.31   
2.31   
2.35   
2.35   
2.37   
2.38   
2.41   
2.44   
2.45   
2.49   
2.53   
2.56   
2.60   
2.61   
2.63   
2.66   
2.69   
2.71   
2.75   
2.78   
2.81   
2.83   
2.86   
2.89   
2.92   
2.94   
2.97   
3.00   
3.02   
3.04   
3.07   
3.09   
3.12   
3.15   
3.19   
3.21   
3.24   
3.28   
3.31   
3.33   
3.35   
3.37   
3.39   
3.40   
3.42   
3.45   
3.47   
3.48   
3.50   
3.52   
3.54   
3.55   
3.58   
3.60   
3.61   
3.62   
3.62   
3.62   
3.62   
3.60   
3.61   
3.61   
3.60   
3.59   
3.59   
3.59   
3.59   
3.58   
3.58   
3.59   
3.60   
3.60   
3.59   
3.59   
3.60   
3.59   
3.60   
3.60   
3.60   
3.60   
3.61   
3.62   
3.64   
3.65   
3.68   
3.70   
3.72   
3.74   
3.74   
3.76   
3.78   
3.82   
3.84   
3.87   
3.88   
3.91   
3.93   
3.96   
4.00   
4.05   
4.11   
4.17   
4.25   
4.32   
4.38   
4.50   
4.59   
4.64   
4.67   
4.66   
4.63   
4.55   
4.46   
4.37   
4.27   
4.17   
4.09   
3.99   
3.91   
3.81   
3.71   
3.61   
3.54   
3.45   
3.36   
3.28   
3.19   
3.16   
3.12   
3.06   
3.03   
3.00   
2.90   
2.87   
2.91   
2.76   
# New slice
1.55   
1.58   
1.58   
1.58   
1.57   
1.60   
1.64   
1.73   
1.73   
1.76   
1.75   
1.71   
1.68   
1.66   
1.66   
1.69   
1.69   
1.77   
1.90   
2.07   
2.20   
2.28   
2.31   
2.32   
2.32   
2.32   
2.35   
2.36   
2.37   
2.39   
2.41   
2.46   
2.46   
2.50   
2.53   
2.57   
2.60   
2.61   
2.64   
2.66   
2.69   
2.72   
2.75   
2.79   
2.82   
2.85   
2.88   
2.90   
2.92   
2.95   
2.98   
3.00   
3.03   
3.05   
3.08   
3.10   
3.12   
3.15   
3.19   
3.22   
3.25   
3.28   
3.30   
3.32   
3.33   
3.36   
3.38   
3.40   
3.42   
3.45   
3.47   
3.48   
3.49   
3.53   
3.55   
3.58   
3.59   
3.62   
3.62   
3.62   
3.62   
3.63   
3.62   
3.61   
3.61   
3.62   
3.60   
3.59   
3.58   
3.59   
3.59   
3.59   
3.59   
3.59   
3.59   
3.59   
3.57   
3.58   
3.59   
3.60   
3.60   
3.61   
3.61   
3.62   
3.61   
3.64   
3.65   
3.67   
3.70   
3.72   
3.73   
3.75   
3.75   
3.77   
3.78   
3.82   
3.84   
3.86   
3.87   
3.90   
3.90   
3.94   
3.98   
4.04   
4.10   
4.15   
4.23   
4.33   
4.39   
4.52   
4.60   
4.68   
4.71   
4.69   
4.66   
4.56   
4.48   
4.39   
4.28   
4.18   
4.10   
3.99   
3.91   
3.81   
3.72   
3.63   
3.55   
3.45   
3.36   
3.27   
3.19   
3.16   
3.12   
3.06   
3.02   
2.98   
2.88   
2.85   
2.88   
2.73   
# New slice
1.55   
1.58   
1.61   
1.60   
1.59   
1.61   
1.65   
1.74   
1.75   
1.79   
1.78   
1.73   
1.70   
1.66   
1.67   
1.70   
1.71   
1.77   
1.91   
2.08   
2.21   
2.29   
2.33   
2.34   
2.34   
2.34   
2.37   
2.37   
2.39   
2.39   
2.43   
2.47   
2.48   
2.52   
2.55   
2.58   
2.61   
2.63   
2.66   
2.68   
2.71   
2.74   
2.77   
2.80   
2.82   
2.85   
2.89   
2.90   
2.93   
2.95   
2.98   
3.01   
3.04   
3.06   
3.09   
3.10   
3.13   
3.16   
3.20   
3.23   
3.26   
3.29   
3.32   
3.33   
3.35   
3.38   
3.40   
3.42   
3.45   
3.48   
3.50   
3.51   
3.52   
3.56   
3.57   
3.59   
3.60   
3.62   
3.62   
3.61   
3.60   
3.62   
3.61   
3.60   
3.60   
3.61   
3.60   
3.58   
3.58   
3.60   
3.60   
3.60   
3.60   
3.61   
3.60   
3.58   
3.56   
3.57   
3.58   
3.57   
3.59   
3.60   
3.61   
3.62   
3.62   
3.65   
3.67   
3.69   
3.72   
3.74   
3.76   
3.77   
3.76   
3.78   
3.79   
3.83   
3.85   
3.87   
3.87   
3.89   
3.89   
3.94   
3.98   
4.02   
4.08   
4.14   
4.22   
4.32   
4.40   
4.55   
4.65   
4.73   
4.75   
4.73   
4.69   
4.59   
4.50   
4.41   
4.30   
4.20   
4.11   
4.01   
3.93   
3.83   
3.74   
3.64   
3.56   
3.45   
3.36   
3.27   
3.18   
3.15   
3.11   
3.05   
3.01   
2.97   
2.87   
2.83   
2.86   
2.71   
# New slice
1.54   
1.58   
1.60   
1.58   
1.58   
1.61   
1.67   
1.77   
1.78   
1.81   
1.81   
1.75   
1.73   
1.69   
1.69   
1.71   
1.73   
1.78   
1.92   
2.07   
2.20   
2.27   
2.31   
2.33   
2.34   
2.34   
2.37   
2.37   
2.39   
2.39   
2.42   
2.47   
2.49   
2.53   
2.56   
2.58   
2.62   
2.64   
2.66   
2.69   
2.72   
2.75   
2.78   
2.80   
2.83   
2.86   
2.89   
2.91   
2.93   
2.96   
2.99   
3.01   
3.03   
3.06   
3.09   
3.11   
3.14   
3.18   
3.23   
3.26   
3.29   
3.34   
3.37   
3.38   
3.40   
3.44   
3.47   
3.49   
3.52   
3.56   
3.58   
3.58   
3.59   
3.63   
3.64   
3.65   
3.65   
3.66   
3.66   
3.65   
3.65   
3.67   
3.66   
3.65   
3.67   
3.68   
3.67   
3.66   
3.66   
3.68   
3.68   
3.68   
3.67   
3.67   
3.65   
3.63   
3.60   
3.60   
3.59   
3.57   
3.57   
3.58   
3.59   
3.61   
3.63   
3.67   
3.68   
3.70   
3.73   
3.75   
3.77   
3.78   
3.78   
3.80   
3.80   
3.82   
3.84   
3.84   
3.84   
3.84   
3.86   
3.90   
3.94   
3.97   
4.04   
4.11   
4.18   
4.31   
4.41   
4.60   
4.70   
4.78   
4.79   
4.74   
4.69   
4.58   
4.49   
4.40   
4.30   
4.19   
4.11   
4.00   
3.91   
3.82   
3.73   
3.64   
3.56   
3.43   
3.34   
3.25   
3.17   
3.13   
3.10   
3.03   
2.99   
2.94   
2.85   
2.82   
2.85   
2.70   
# New slice
1.55   
1.59   
1.60   
1.59   
1.58   
1.62   
1.66   
1.75   
1.76   
1.80   
1.79   
1.74   
1.73   
1.69   
1.69   
1.71   
1.73   
1.78   
1.92   
2.06   
2.19   
2.26   
2.30   
2.33   
2.33   
2.34   
2.37   
2.37   
2.39   
2.40   
2.42   
2.47   
2.50   
2.54   
2.56   
2.58   
2.62   
2.64   
2.66   
2.69   
2.73   
2.75   
2.78   
2.80   
2.83   
2.86   
2.89   
2.91   
2.94   
2.96   
2.98   
3.00   
3.02   
3.06   
3.08   
3.11   
3.14   
3.16   
3.18   
3.19   
3.21   
3.24   
3.26   
3.27   
3.29   
3.32   
3.34   
3.34   
3.36   
3.39   
3.41   
3.43   
3.47   
3.52   
3.55   
3.57   
3.60   
3.63   
3.64   
3.66   
3.67   
3.67   
3.66   
3.62   
3.62   
3.62   
3.61   
3.60   
3.59   
3.59   
3.58   
3.56   
3.54   
3.54   
3.53   
3.54   
3.54   
3.56   
3.57   
3.57   
3.58   
3.61   
3.62   
3.64   
3.65   
3.68   
3.69   
3.70   
3.71   
3.73   
3.76   
3.78   
3.79   
3.83   
3.84   
3.87   
3.89   
3.91   
3.90   
3.90   
3.90   
3.92   
3.93   
3.96   
4.02   
4.09   
4.15   
4.29   
4.43   
4.65   
4.75   
4.81   
4.81   
4.75   
4.71   
4.59   
4.51   
4.41   
4.29   
4.19   
4.11   
4.02   
3.92   
3.82   
3.74   
3.64   
3.54   
3.42   
3.34   
3.26   
3.17   
3.13   
3.09   
3.02   
2.97   
2.93   
2.85   
2.82   
2.87   
2.71   
# New slice
1.55   
1.59   
1.60   
1.60   
1.60   
1.63   
1.68   
1.77   
1.79   
1.82   
1.81   
1.77   
1.75   
1.72   
1.72   
1.73   
1.74   
1.78   
1.91   
